# Git test1

a <- 1

c <- 3

d <- 4

e <- 5